0 20 20 exterior
0 2 0 2 0 2 0 2 0 2 0 2 0 2 0 2 0 2 0 2 0 2 
0 2 0 2 0 2 0 2 0 2 0 2 0 2 0 2 0 2 0 2 0 2
0 2 0 2 0 2 0 2 0 2 0 2 0 2 0 2 0 2 0 2 0 2
0 2 0 2 0 2 0 2 0 2 0 2 0 2 0 2 0 2 0 2 0 2
0 2 0 2 0 2 0 2 0 2 0 2 0 2 0 2 0 2 0 2 0 2
0 2 0 2 0 2 0 2 0 2 0 2 0 2 0 2 0 2 0 2 0 2
0 2 0 2 0 2 0 2 0 2 0 2 0 2 0 2 0 2 0 2 0 2
0 2 0 2 0 2 0 2 0 2 0 2 0 2 0 2 0 2 0 2 0 2
0 2 0 2 0 2 0 2 0 2 0 2 0 2 0 2 0 2 0 2 0 2
0 2 0 2 0 2 0 2 0 2 0 2 0 2 0 2 0 2 0 2 0 2
0 2 0 2 0 2 0 2 0 2 0 2 0 2 0 2 0 2 0 2 0 2 
0 2 0 2 0 2 0 2 0 2 0 2 0 2 0 2 0 2 0 2 0 2
0 2 0 2 0 2 0 2 0 2 0 2 0 2 0 2 0 2 0 2 0 2
0 2 0 2 0 2 0 2 0 2 0 2 0 2 0 2 0 2 0 2 0 2
0 2 0 2 0 2 0 2 0 2 0 2 0 2 0 2 0 2 0 2 0 2
0 2 0 2 0 2 0 2 0 2 0 2 0 2 0 2 0 2 0 2 0 2
0 2 0 2 0 2 0 2 0 2 0 2 0 2 0 2 0 2 0 2 0 2
0 2 0 2 0 2 0 2 0 2 0 2 0 2 0 2 0 2 0 2 0 2
0 2 0 2 0 2 0 2 0 2 0 2 0 2 0 2 0 2 0 2 0 2
0 2 0 2 0 2 0 2 0 2 0 2 0 2 0 2 0 2 0 2 0 2